i_dc = [2.35;3.18;4.66;5.98;7.17;8.27;9.28];
v_dc = ones(7,1).*36;
rpm = [2404;2357;2269;2195;2133;2069;2023];
wr = rpm.*2.*pi./60;
A = [i_dc, wr];
x = A\v_dc
